DistrictId,District,Canton,Date,Week,Year,Population,TotalConfCases,NewConfCases,TotalDeaths,NewDeaths,SourceUrl
1101,"Gäu",SO,2020-09-28,,,21605,75,2,,,https://corona.so.ch/spezialseiten/die-covid-19-kennzahlen-im-ueberblick/
1101,"Gäu",SO,2020-09-29,,,21605,75,0,,,https://corona.so.ch/spezialseiten/die-covid-19-kennzahlen-im-ueberblick/
1101,"Gäu",SO,2020-09-30,,,21605,77,2,,,https://corona.so.ch/spezialseiten/die-covid-19-kennzahlen-im-ueberblick/
1101,"Gäu",SO,2020-10-01,,,21605,78,1,,,https://corona.so.ch/spezialseiten/die-covid-19-kennzahlen-im-ueberblick/
1101,"Gäu",SO,2020-10-06,,,21724,77,0,,,https://corona.so.ch/bevoelkerung/daten/fallzahlen-nach-gemeinden/
1101,"Gäu",SO,2020-10-07,,,21724,78,1,,,https://corona.so.ch/bevoelkerung/daten/fallzahlen-nach-gemeinden/
1101,"Gäu",SO,2020-10-08,,,21724,80,2,,,https://corona.so.ch/bevoelkerung/daten/fallzahlen-nach-gemeinden/
1101,"Gäu",SO,2020-10-09,,,21724,80,2,,,https://corona.so.ch/bevoelkerung/daten/fallzahlen-nach-gemeinden/
1101,"Gäu",SO,2020-10-12,,,21724,84,4,,,https://corona.so.ch/bevoelkerung/daten/fallzahlen-nach-gemeinden/
1101,"Gäu",SO,2020-10-13,,,21724,86,2,,,https://corona.so.ch/bevoelkerung/daten/fallzahlen-nach-gemeinden/
1101,"Gäu",SO,2020-10-14,,,21724,88,2,,,https://corona.so.ch/bevoelkerung/daten/fallzahlen-nach-gemeinden/
1101,"Gäu",SO,2020-10-15,,,21724,95,7,,,https://corona.so.ch/bevoelkerung/daten/fallzahlen-nach-gemeinden/
1101,"Gäu",SO,2020-10-16,,,21724,97,2,,,https://corona.so.ch/bevoelkerung/daten/fallzahlen-nach-gemeinden/
1101,"Gäu",SO,2020-10-19,,,21724,105,8,,,https://corona.so.ch/bevoelkerung/daten/fallzahlen-nach-gemeinden/
1101,"Gäu",SO,2020-10-20,,,21724,107,2,,,https://corona.so.ch/bevoelkerung/daten/fallzahlen-nach-gemeinden/
1101,"Gäu",SO,2020-10-21,,,21724,113,6,,,https://corona.so.ch/bevoelkerung/daten/fallzahlen-nach-gemeinden/
1102,Thal,SO,2020-09-28,,,14785,27,0,,,https://corona.so.ch/spezialseiten/die-covid-19-kennzahlen-im-ueberblick/
1102,Thal,SO,2020-09-29,,,14785,27,0,,,https://corona.so.ch/spezialseiten/die-covid-19-kennzahlen-im-ueberblick/
1102,Thal,SO,2020-09-30,,,14785,28,1,,,https://corona.so.ch/spezialseiten/die-covid-19-kennzahlen-im-ueberblick/
1102,Thal,SO,2020-10-01,,,14785,29,1,,,https://corona.so.ch/spezialseiten/die-covid-19-kennzahlen-im-ueberblick/
1102,Thal,SO,2020-10-06,,,14836,39,2,,,https://corona.so.ch/bevoelkerung/daten/fallzahlen-nach-gemeinden/
1102,Thal,SO,2020-10-07,,,14836,44,5,,,https://corona.so.ch/bevoelkerung/daten/fallzahlen-nach-gemeinden/
1102,Thal,SO,2020-10-08,,,14836,45,1,,,https://corona.so.ch/bevoelkerung/daten/fallzahlen-nach-gemeinden/
1102,Thal,SO,2020-10-09,,,14836,48,3,,,https://corona.so.ch/bevoelkerung/daten/fallzahlen-nach-gemeinden/
1102,Thal,SO,2020-10-12,,,14836,48,3,,,https://corona.so.ch/bevoelkerung/daten/fallzahlen-nach-gemeinden/
1102,Thal,SO,2020-10-13,,,14836,52,1,,,https://corona.so.ch/bevoelkerung/daten/fallzahlen-nach-gemeinden/
1102,Thal,SO,2020-10-14,,,14836,54,2,,,https://corona.so.ch/bevoelkerung/daten/fallzahlen-nach-gemeinden/
1102,Thal,SO,2020-10-15,,,14836,57,3,,,https://corona.so.ch/bevoelkerung/daten/fallzahlen-nach-gemeinden/
1102,Thal,SO,2020-10-16,,,14836,59,3,,,https://corona.so.ch/bevoelkerung/daten/fallzahlen-nach-gemeinden/
1102,Thal,SO,2020-10-19,,,14836,73,14,,,https://corona.so.ch/bevoelkerung/daten/fallzahlen-nach-gemeinden/
1102,Thal,SO,2020-10-20,,,14836,84,12,,,https://corona.so.ch/bevoelkerung/daten/fallzahlen-nach-gemeinden/
1102,Thal,SO,2020-10-21,,,14836,84,12,,,https://corona.so.ch/bevoelkerung/daten/fallzahlen-nach-gemeinden/
1103,Bucheggberg,SO,2020-09-28,,,7954,12,0,,,https://corona.so.ch/spezialseiten/die-covid-19-kennzahlen-im-ueberblick/
1103,Bucheggberg,SO,2020-09-29,,,7954,13,1,,,https://corona.so.ch/spezialseiten/die-covid-19-kennzahlen-im-ueberblick/
1103,Bucheggberg,SO,2020-09-30,,,7954,13,0,,,https://corona.so.ch/spezialseiten/die-covid-19-kennzahlen-im-ueberblick/
1103,Bucheggberg,SO,2020-10-01,,,7954,14,1,,,https://corona.so.ch/spezialseiten/die-covid-19-kennzahlen-im-ueberblick/
1103,Bucheggberg,SO,2020-10-06,,,7955,15,0,,,https://corona.so.ch/bevoelkerung/daten/fallzahlen-nach-gemeinden/
1103,Bucheggberg,SO,2020-10-07,,,7955,15,0,,,https://corona.so.ch/bevoelkerung/daten/fallzahlen-nach-gemeinden/
1103,Bucheggberg,SO,2020-10-08,,,7955,18,2,,,https://corona.so.ch/bevoelkerung/daten/fallzahlen-nach-gemeinden/
1103,Bucheggberg,SO,2020-10-09,,,7955,18,2,,,https://corona.so.ch/bevoelkerung/daten/fallzahlen-nach-gemeinden/
1103,Bucheggberg,SO,2020-10-12,,,7955,19,1,,,https://corona.so.ch/bevoelkerung/daten/fallzahlen-nach-gemeinden/
1103,Bucheggberg,SO,2020-10-13,,,7955,20,1,,,https://corona.so.ch/bevoelkerung/daten/fallzahlen-nach-gemeinden/
1103,Bucheggberg,SO,2020-10-14,,,7955,23,3,,,https://corona.so.ch/bevoelkerung/daten/fallzahlen-nach-gemeinden/
1103,Bucheggberg,SO,2020-10-15,,,7955,23,0,,,https://corona.so.ch/bevoelkerung/daten/fallzahlen-nach-gemeinden/
1103,Bucheggberg,SO,2020-10-16,,,7955,23,0,,,https://corona.so.ch/bevoelkerung/daten/fallzahlen-nach-gemeinden/
1103,Bucheggberg,SO,2020-10-19,,,7955,23,3,,,https://corona.so.ch/bevoelkerung/daten/fallzahlen-nach-gemeinden/
1103,Bucheggberg,SO,2020-10-20,,,7955,29,3,,,https://corona.so.ch/bevoelkerung/daten/fallzahlen-nach-gemeinden/
1103,Bucheggberg,SO,2020-10-21,,,7955,32,3,,,https://corona.so.ch/bevoelkerung/daten/fallzahlen-nach-gemeinden/
1104,Dorneck,SO,2020-09-28,,,20678,62,1,,,https://corona.so.ch/spezialseiten/die-covid-19-kennzahlen-im-ueberblick/
1104,Dorneck,SO,2020-09-29,,,20678,62,0,,,https://corona.so.ch/spezialseiten/die-covid-19-kennzahlen-im-ueberblick/
1104,Dorneck,SO,2020-09-30,,,20678,62,0,,,https://corona.so.ch/spezialseiten/die-covid-19-kennzahlen-im-ueberblick/
1104,Dorneck,SO,2020-10-01,,,20678,62,0,,,https://corona.so.ch/spezialseiten/die-covid-19-kennzahlen-im-ueberblick/
1104,Dorneck,SO,2020-10-06,,,20768,62,0,,,https://corona.so.ch/bevoelkerung/daten/fallzahlen-nach-gemeinden/
1104,Dorneck,SO,2020-10-07,,,20768,62,0,,,https://corona.so.ch/bevoelkerung/daten/fallzahlen-nach-gemeinden/
1104,Dorneck,SO,2020-10-08,,,20768,64,0,,,https://corona.so.ch/bevoelkerung/daten/fallzahlen-nach-gemeinden/
1104,Dorneck,SO,2020-10-09,,,20768,64,0,,,https://corona.so.ch/bevoelkerung/daten/fallzahlen-nach-gemeinden/
1104,Dorneck,SO,2020-10-12,,,20768,68,4,,,https://corona.so.ch/bevoelkerung/daten/fallzahlen-nach-gemeinden/
1104,Dorneck,SO,2020-10-13,,,20768,70,2,,,https://corona.so.ch/bevoelkerung/daten/fallzahlen-nach-gemeinden/
1104,Dorneck,SO,2020-10-14,,,20768,73,3,,,https://corona.so.ch/bevoelkerung/daten/fallzahlen-nach-gemeinden/
1104,Dorneck,SO,2020-10-15,,,20768,74,1,,,https://corona.so.ch/bevoelkerung/daten/fallzahlen-nach-gemeinden/
1104,Dorneck,SO,2020-10-16,,,20768,75,1,,,https://corona.so.ch/bevoelkerung/daten/fallzahlen-nach-gemeinden/
1104,Dorneck,SO,2020-10-19,,,20768,84,9,,,https://corona.so.ch/bevoelkerung/daten/fallzahlen-nach-gemeinden/
1104,Dorneck,SO,2020-10-20,,,20768,87,3,,,https://corona.so.ch/bevoelkerung/daten/fallzahlen-nach-gemeinden/
1104,Dorneck,SO,2020-10-21,,,20768,91,4,,,https://corona.so.ch/bevoelkerung/daten/fallzahlen-nach-gemeinden/
1105,"Gösgen",SO,2020-09-28,,,24536,116,0,,,https://corona.so.ch/spezialseiten/die-covid-19-kennzahlen-im-ueberblick/
1105,"Gösgen",SO,2020-09-29,,,24536,116,0,,,https://corona.so.ch/spezialseiten/die-covid-19-kennzahlen-im-ueberblick/
1105,"Gösgen",SO,2020-09-30,,,24536,116,0,,,https://corona.so.ch/spezialseiten/die-covid-19-kennzahlen-im-ueberblick/
1105,"Gösgen",SO,2020-10-01,,,24536,118,2,,,https://corona.so.ch/spezialseiten/die-covid-19-kennzahlen-im-ueberblick/
1105,"Gösgen",SO,2020-10-06,,,24710,123,2,,,https://corona.so.ch/bevoelkerung/daten/fallzahlen-nach-gemeinden/
1105,"Gösgen",SO,2020-10-07,,,24710,124,1,,,https://corona.so.ch/bevoelkerung/daten/fallzahlen-nach-gemeinden/
1105,"Gösgen",SO,2020-10-08,,,24710,126,2,,,https://corona.so.ch/bevoelkerung/daten/fallzahlen-nach-gemeinden/
1105,"Gösgen",SO,2020-10-09,,,24710,130,4,,,https://corona.so.ch/bevoelkerung/daten/fallzahlen-nach-gemeinden/
1105,"Gösgen",SO,2020-10-12,,,24710,135,5,,,https://corona.so.ch/bevoelkerung/daten/fallzahlen-nach-gemeinden/
1105,"Gösgen",SO,2020-10-13,,,24710,137,2,,,https://corona.so.ch/bevoelkerung/daten/fallzahlen-nach-gemeinden/
1105,"Gösgen",SO,2020-10-14,,,24710,139,2,,,https://corona.so.ch/bevoelkerung/daten/fallzahlen-nach-gemeinden/
1105,"Gösgen",SO,2020-10-15,,,24710,143,4,,,https://corona.so.ch/bevoelkerung/daten/fallzahlen-nach-gemeinden/
1105,"Gösgen",SO,2020-10-16,,,24710,144,1,,,https://corona.so.ch/bevoelkerung/daten/fallzahlen-nach-gemeinden/
1105,"Gösgen",SO,2020-10-19,,,24710,149,5,,,https://corona.so.ch/bevoelkerung/daten/fallzahlen-nach-gemeinden/
1105,"Gösgen",SO,2020-10-20,,,24710,156,7,,,https://corona.so.ch/bevoelkerung/daten/fallzahlen-nach-gemeinden/
1105,"Gösgen",SO,2020-10-21,,,24710,156,7,,,https://corona.so.ch/bevoelkerung/daten/fallzahlen-nach-gemeinden/
1106,Wasseramt,SO,2020-09-28,,,52134,140,3,,,https://corona.so.ch/spezialseiten/die-covid-19-kennzahlen-im-ueberblick/
1106,Wasseramt,SO,2020-09-29,,,52134,140,0,,,https://corona.so.ch/spezialseiten/die-covid-19-kennzahlen-im-ueberblick/
1106,Wasseramt,SO,2020-09-30,,,52134,142,2,,,https://corona.so.ch/spezialseiten/die-covid-19-kennzahlen-im-ueberblick/
1106,Wasseramt,SO,2020-10-01,,,52134,143,1,,,https://corona.so.ch/spezialseiten/die-covid-19-kennzahlen-im-ueberblick/
1106,Wasseramt,SO,2020-10-06,,,52375,150,0,,,https://corona.so.ch/bevoelkerung/daten/fallzahlen-nach-gemeinden/
1106,Wasseramt,SO,2020-10-07,,,52375,155,5,,,https://corona.so.ch/bevoelkerung/daten/fallzahlen-nach-gemeinden/
1106,Wasseramt,SO,2020-10-08,,,52375,158,3,,,https://corona.so.ch/bevoelkerung/daten/fallzahlen-nach-gemeinden/
1106,Wasseramt,SO,2020-10-09,,,52375,161,3,,,https://corona.so.ch/bevoelkerung/daten/fallzahlen-nach-gemeinden/
1106,Wasseramt,SO,2020-10-12,,,52375,166,5,,,https://corona.so.ch/bevoelkerung/daten/fallzahlen-nach-gemeinden/
1106,Wasseramt,SO,2020-10-13,,,52375,170,4,,,https://corona.so.ch/bevoelkerung/daten/fallzahlen-nach-gemeinden/
1106,Wasseramt,SO,2020-10-14,,,52375,174,3,,,https://corona.so.ch/bevoelkerung/daten/fallzahlen-nach-gemeinden/
1106,Wasseramt,SO,2020-10-15,,,52375,176,2,,,https://corona.so.ch/bevoelkerung/daten/fallzahlen-nach-gemeinden/
1106,Wasseramt,SO,2020-10-16,,,52375,187,11,,,https://corona.so.ch/bevoelkerung/daten/fallzahlen-nach-gemeinden/
1106,Wasseramt,SO,2020-10-19,,,52375,213,26,,,https://corona.so.ch/bevoelkerung/daten/fallzahlen-nach-gemeinden/
1106,Wasseramt,SO,2020-10-20,,,52375,226,13,,,https://corona.so.ch/bevoelkerung/daten/fallzahlen-nach-gemeinden/
1106,Wasseramt,SO,2020-10-21,,,52375,226,13,,,https://corona.so.ch/bevoelkerung/daten/fallzahlen-nach-gemeinden/
1107,Lebern,SO,2020-09-28,,,24536,135,6,,,https://corona.so.ch/spezialseiten/die-covid-19-kennzahlen-im-ueberblick/
1107,Lebern,SO,2020-09-29,,,24536,136,1,,,https://corona.so.ch/spezialseiten/die-covid-19-kennzahlen-im-ueberblick/
1107,Lebern,SO,2020-09-30,,,24536,138,2,,,https://corona.so.ch/spezialseiten/die-covid-19-kennzahlen-im-ueberblick/
1107,Lebern,SO,2020-10-01,,,24536,140,2,,,https://corona.so.ch/spezialseiten/die-covid-19-kennzahlen-im-ueberblick/
1107,Lebern,SO,2020-10-06,,,46376,147,1,,,https://corona.so.ch/bevoelkerung/daten/fallzahlen-nach-gemeinden/
1107,Lebern,SO,2020-10-07,,,46376,151,4,,,https://corona.so.ch/bevoelkerung/daten/fallzahlen-nach-gemeinden/
1107,Lebern,SO,2020-10-08,,,46376,152,1,,,https://corona.so.ch/bevoelkerung/daten/fallzahlen-nach-gemeinden/
1107,Lebern,SO,2020-10-09,,,46376,156,4,,,https://corona.so.ch/bevoelkerung/daten/fallzahlen-nach-gemeinden/
1107,Lebern,SO,2020-10-12,,,46376,167,11,,,https://corona.so.ch/bevoelkerung/daten/fallzahlen-nach-gemeinden/
1107,Lebern,SO,2020-10-13,,,46376,170,3,,,https://corona.so.ch/bevoelkerung/daten/fallzahlen-nach-gemeinden/
1107,Lebern,SO,2020-10-14,,,46376,175,5,,,https://corona.so.ch/bevoelkerung/daten/fallzahlen-nach-gemeinden/
1107,Lebern,SO,2020-10-15,,,46376,180,5,,,https://corona.so.ch/bevoelkerung/daten/fallzahlen-nach-gemeinden/
1107,Lebern,SO,2020-10-16,,,46376,186,6,,,https://corona.so.ch/bevoelkerung/daten/fallzahlen-nach-gemeinden/
1107,Lebern,SO,2020-10-19,,,46376,109,23,,,https://corona.so.ch/bevoelkerung/daten/fallzahlen-nach-gemeinden/
1107,Lebern,SO,2020-10-20,,,46376,214,5,,,https://corona.so.ch/bevoelkerung/daten/fallzahlen-nach-gemeinden/
1107,Lebern,SO,2020-10-21,,,46376,214,5,,,https://corona.so.ch/bevoelkerung/daten/fallzahlen-nach-gemeinden/
1108,Olten,SO,2020-09-28,,,55686,194,2,,,https://corona.so.ch/spezialseiten/die-covid-19-kennzahlen-im-ueberblick/
1108,Olten,SO,2020-09-29,,,55686,197,3,,,https://corona.so.ch/spezialseiten/die-covid-19-kennzahlen-im-ueberblick/
1108,Olten,SO,2020-09-30,,,55686,199,2,,,https://corona.so.ch/spezialseiten/die-covid-19-kennzahlen-im-ueberblick/
1108,Olten,SO,2020-10-01,,,55686,201,2,,,https://corona.so.ch/spezialseiten/die-covid-19-kennzahlen-im-ueberblick/
1108,Olten,SO,2020-10-06,,,55930,208,0,,,https://corona.so.ch/bevoelkerung/daten/fallzahlen-nach-gemeinden/
1108,Olten,SO,2020-10-07,,,55930,213,5,,,https://corona.so.ch/bevoelkerung/daten/fallzahlen-nach-gemeinden/
1108,Olten,SO,2020-10-08,,,55930,218,5,,,https://corona.so.ch/bevoelkerung/daten/fallzahlen-nach-gemeinden/
1108,Olten,SO,2020-10-09,,,55930,224,6,,,https://corona.so.ch/bevoelkerung/daten/fallzahlen-nach-gemeinden/
1108,Olten,SO,2020-10-12,,,55930,231,7,,,https://corona.so.ch/bevoelkerung/daten/fallzahlen-nach-gemeinden/
1108,Olten,SO,2020-10-13,,,55930,232,1,,,https://corona.so.ch/bevoelkerung/daten/fallzahlen-nach-gemeinden/
1108,Olten,SO,2020-10-14,,,55930,243,11,,,https://corona.so.ch/bevoelkerung/daten/fallzahlen-nach-gemeinden/
1108,Olten,SO,2020-10-15,,,55930,252,9,,,https://corona.so.ch/bevoelkerung/daten/fallzahlen-nach-gemeinden/
1108,Olten,SO,2020-10-16,,,55930,254,2,,,https://corona.so.ch/bevoelkerung/daten/fallzahlen-nach-gemeinden/
1108,Olten,SO,2020-10-19,,,55930,278,24,,,https://corona.so.ch/bevoelkerung/daten/fallzahlen-nach-gemeinden/
1108,Olten,SO,2020-10-20,,,55930,280,2,,,https://corona.so.ch/bevoelkerung/daten/fallzahlen-nach-gemeinden/
1108,Olten,SO,2020-10-21,,,55930,280,2,,,https://corona.so.ch/bevoelkerung/daten/fallzahlen-nach-gemeinden/
1109,Solothurn,SO,2020-09-28,,,16933,39,1,,,https://corona.so.ch/spezialseiten/die-covid-19-kennzahlen-im-ueberblick/
1109,Solothurn,SO,2020-09-29,,,16933,39,0,,,https://corona.so.ch/spezialseiten/die-covid-19-kennzahlen-im-ueberblick/
1109,Solothurn,SO,2020-09-30,,,16933,39,0,,,https://corona.so.ch/spezialseiten/die-covid-19-kennzahlen-im-ueberblick/
1109,Solothurn,SO,2020-10-01,,,16933,39,0,,,https://corona.so.ch/spezialseiten/die-covid-19-kennzahlen-im-ueberblick/
1109,Solothurn,SO,2020-10-06,,,17020,39,0,,,https://corona.so.ch/bevoelkerung/daten/fallzahlen-nach-gemeinden/
1109,Solothurn,SO,2020-10-07,,,17020,42,3,,,https://corona.so.ch/bevoelkerung/daten/fallzahlen-nach-gemeinden/
1109,Solothurn,SO,2020-10-08,,,17020,43,1,,,https://corona.so.ch/bevoelkerung/daten/fallzahlen-nach-gemeinden/
1109,Solothurn,SO,2020-10-09,,,17020,43,1,,,https://corona.so.ch/bevoelkerung/daten/fallzahlen-nach-gemeinden/
1109,Solothurn,SO,2020-10-12,,,17020,45,2,,,https://corona.so.ch/bevoelkerung/daten/fallzahlen-nach-gemeinden/
1109,Solothurn,SO,2020-10-13,,,17020,45,0,,,https://corona.so.ch/bevoelkerung/daten/fallzahlen-nach-gemeinden/
1109,Solothurn,SO,2020-10-14,,,17020,48,3,,,https://corona.so.ch/bevoelkerung/daten/fallzahlen-nach-gemeinden/
1109,Solothurn,SO,2020-10-15,,,17020,50,2,,,https://corona.so.ch/bevoelkerung/daten/fallzahlen-nach-gemeinden/
1109,Solothurn,SO,2020-10-16,,,17020,52,2,,,https://corona.so.ch/bevoelkerung/daten/fallzahlen-nach-gemeinden/
1109,Solothurn,SO,2020-10-19,,,17020,64,12,,,https://corona.so.ch/bevoelkerung/daten/fallzahlen-nach-gemeinden/
1109,Solothurn,SO,2020-10-20,,,17020,71,7,,,https://corona.so.ch/bevoelkerung/daten/fallzahlen-nach-gemeinden/
1109,Solothurn,SO,2020-10-21,,,17020,74,3,,,https://corona.so.ch/bevoelkerung/daten/fallzahlen-nach-gemeinden/
1110,Thierstein,SO,2020-09-28,,,14747,57,0,,,https://corona.so.ch/spezialseiten/die-covid-19-kennzahlen-im-ueberblick/
1110,Thierstein,SO,2020-09-29,,,14747,57,0,,,https://corona.so.ch/spezialseiten/die-covid-19-kennzahlen-im-ueberblick/
1110,Thierstein,SO,2020-09-30,,,14747,57,0,,,https://corona.so.ch/spezialseiten/die-covid-19-kennzahlen-im-ueberblick/
1110,Thierstein,SO,2020-10-01,,,14747,57,0,,,https://corona.so.ch/spezialseiten/die-covid-19-kennzahlen-im-ueberblick/
1110,Thierstein,SO,2020-10-06,,,14775,57,0,,,https://corona.so.ch/bevoelkerung/daten/fallzahlen-nach-gemeinden/
1110,Thierstein,SO,2020-10-07,,,14775,57,0,,,https://corona.so.ch/bevoelkerung/daten/fallzahlen-nach-gemeinden/
1110,Thierstein,SO,2020-10-08,,,14775,57,0,,,https://corona.so.ch/bevoelkerung/daten/fallzahlen-nach-gemeinden/
1110,Thierstein,SO,2020-10-09,,,14775,57,0,,,https://corona.so.ch/bevoelkerung/daten/fallzahlen-nach-gemeinden/
1110,Thierstein,SO,2020-10-12,,,14775,59,2,,,https://corona.so.ch/bevoelkerung/daten/fallzahlen-nach-gemeinden/
1110,Thierstein,SO,2020-10-13,,,14775,61,2,,,https://corona.so.ch/bevoelkerung/daten/fallzahlen-nach-gemeinden/
1110,Thierstein,SO,2020-10-14,,,14775,63,2,,,https://corona.so.ch/bevoelkerung/daten/fallzahlen-nach-gemeinden/
1110,Thierstein,SO,2020-10-15,,,14775,64,1,,,https://corona.so.ch/bevoelkerung/daten/fallzahlen-nach-gemeinden/
1110,Thierstein,SO,2020-10-16,,,14775,66,2,,,https://corona.so.ch/bevoelkerung/daten/fallzahlen-nach-gemeinden/
1110,Thierstein,SO,2020-10-19,,,14775,69,3,,,https://corona.so.ch/bevoelkerung/daten/fallzahlen-nach-gemeinden/
1110,Thierstein,SO,2020-10-20,,,14775,70,1,,,https://corona.so.ch/bevoelkerung/daten/fallzahlen-nach-gemeinden/
1110,Thierstein,SO,2020-10-21,,,14775,70,1,,,https://corona.so.ch/bevoelkerung/daten/fallzahlen-nach-gemeinden/
